8.018274023941870610e+00
6.216123639789086219e+00
5.088389998200548270e+00
4.656485603943030682e+00
4.451741734309176302e+00
4.346559253197833428e+00
4.256011019690764563e+00
4.192979852025978005e+00
4.138595339643406312e+00
4.098173511078168296e+00
4.066234304815156797e+00
4.026831209908968034e+00
3.999509065719828005e+00
3.975341231753137805e+00
3.947267823139493981e+00
3.922105391654010731e+00
3.897433932855039362e+00
3.878288253580675971e+00
3.861752646238734155e+00
3.843459544321483179e+00
